00
00
00
00
00
00
00
00
FC
FC
FC
00
00
00
00
00
C6
C6
C6
00
00
00
00
00
1B
00
00
00
00
00
00
00
00
00
00
00
00
00
00
00
1F
00
00
00
00
00
00
00
00
00
00
00
00
00
00
00
00
00
00
00
00
00
00
00
0C
00
00
00
00
00
00
00
0F
00
00
00
00
00
00
00
1F
00
00
00
00
00
00
00
00
00
00
00
00
00
00
00
00
00
00
00
00
00
00
00
07
00
00
00
00
00
00
00
00
00
00
00
00
00
00
00
07
00
00
00
00
00
00
00
00
00
00
00
00
00
00
00
00
00
00
00
00
00
00
00
16
00
00
00
00
00
00
00
19
00
00
00
00
00
00
00
1F
00
00
00
00
00
00
00
00
00
00
00
00
00
00
00
00
00
00
00
00
00
00
00
11
00
00
00
00
00
00
00
00
00
00
00
00
00
00
00
11
00
00
00
00
00
00
00
00
00
00
00
00
00
00
00
1F
00
00
00
00
00
00
00
07
00
00
00
00
00
00
00
11
00
00
00
00
00
00
00
