10C0
0000
0000
0000
0000
0000
0000
0000
0841
0041
0040
0000
0000
0000
0000
0000
0881
0081
0080
0000
0000
0000
0000
0000
0034
0000
0000
0000
0000
0000
0000
0000
10C0
30C0
10C0
4840
4040
0040
0000
0000
0034
0000
0000
0000
0000
0000
0000
0000
1248
1048
1488
1088
08CA
00CA
0008
0008
1288
1088
14C8
10C8
090A
010A
0008
0008
0038
0000
0000
0000
0000
0000
0000
0000
003C
0000
0000
0000
0000
0000
0000
0000
1800
0000
0000
0000
0000
0000
0000
0000
1080
3080
1080
4840
4040
0040
0000
0000
10C0
30C0
10C0
4880
4080
0080
0000
0000
0034
0000
0000
0000
0000
0000
0000
0000
10C0
30C0
10C0
4840
4040
0040
0000
0000
0034
0000
0000
0000
0000
0000
0000
0000
1288
1088
1448
1048
08CA
00CA
0008
0008
1248
1048
14C8
10C8
090A
010A
0008
0008
0038
0000
0000
0000
0000
0000
0000
0000
003C
0000
0000
0000
0000
0000
0000
0000
1800
0000
0000
0000
0000
0000
0000
0000
1040
3040
1040
4880
4080
0080
0000
0000
10C0
30C0
10C0
4840
4040
0040
0000
0000
0034
0000
0000
0000
0000
0000
0000
0000
10C0
30C0
10C0
4880
4080
0080
0000
0000
0034
0000
0000
0000
0000
0000
0000
0000
1248
1048
1488
1088
08CA
00CA
0008
0008
1800
0000
0000
0000
0000
0000
0000
0000
0038
0000
0000
0000
0000
0000
0000
0000
003C
0000
0000
0000
0000
0000
0000
0000
